点平衡
x_kp:-8.000000 
x_kv:0.500000 
x_ks:0.120000 
x_A:5.600000 

y_kp:8.000000 
y_kv:0.600000 
y_ks:0.120000 
y_A:3.400000 

z_kp:0.000000 
z_kv:-0.300000 
z_ks:0.025000 
z_A:-91.448059 

axis:0.000000 

边平衡
kp:-2.000000 
kv:0.550000 
ks:0.250000 
A:6.699999 